"","State","County","County.Pop","PS","Do.self","In","Ir","Ir.C","Ir.G","L","A","M","T","T.O","T.R","Total","Do.PS","Percent","Per.Cap"
"187","CA","Alameda County",1510.271,212.08,4.62,0.9,18.27,16.87,1.4,0.27,12.65,2.68,0,0,0,251.47,"86",0.00808426643005713,0.166506540879087
"188","CA","Alpine County",1.175,0.19,0.04,0,4.22,4.22,0,0.01,0,0,0,0,0,4.46,"107",0.000143380237316796,3.79574468085106
"189","CA","Amador County",38.091,7.59,0.57,0.41,17.03,16.49,0.54,0.23,5.98,0.56,0,0,0,32.37,"103",0.00104063190178132,0.849807041033315
"190","CA","Butte County",220,42.84,2.54,4.02,646.14,645.25,0.89,0.32,18.83,0,0.4,0,0.4,715.09,"155",0.0229887385432439,3.25040909090909
"191","CA","Calaveras County",45.578,9.65,0.78,0.17,12.37,11.04,1.33,0.38,0,0.04,0,0,0,23.39,"192",0.00075194254503136,0.51318618631796
"192","CA","Colusa County",21.419,4.13,0.26,0.84,828.99,828.87,0.12,0.28,0,0,0.52,0,0.52,835.02,"126",0.0268442524135138,38.9850133059433
"193","CA","Contra Costa County",1049.025,178.18,2.71,3.34,67.05,63.06,3.99,0.36,0,0,1.09,0.73,0.36,252.73,"90",0.00812477295450089,0.240918948547461
"194","CA","Del Norte County",28.61,2.89,0.59,0,9.67,9.55,0.12,0.5,0,0.01,0,0,0,13.66,"64",0.00043914216182678,0.477455435162531
"195","CA","El Dorado County",181.058,43.62,0.81,0.89,10.19,7.8,2.39,0.16,0,0.03,0,0,0,55.7,"127",0.00179064556469631,0.30763622706536
"196","CA","Fresno County",930.45,257.94,7.64,10.51,2492.77,2488.89,3.88,14.03,22.46,0.21,0.62,0,0.62,2806.18,"159",0.0902131736218941,3.01593852436993
"197","CA","Glenn County",28.122,4.42,0.73,0.27,598.86,598.81,0.05,2.09,0,0,0,0,0,606.37,"145",0.0194936041483825,21.5621221819216
"198","CA","Humboldt County",134.623,16.22,0.68,0.48,38.57,37.49,1.08,1.69,0,0.12,0,0,0,57.76,"74",0.00185687051735833,0.42905001374208
"199","CA","Imperial County",174.528,32.22,0.58,1.2,1088.52,1087.52,1,7.19,10.85,6.18,22.5,0,22.5,1169.24,"115",0.0375887687623971,6.69944077741108
"200","CA","Inyo County",18.546,5.71,0.12,0.09,82.07,81.45,0.62,0.23,12.58,1.29,0,0,0,102.09,"129",0.00328199292100263,5.50469103849887
"201","CA","Kern County",839.631,226,2.28,2.46,1810.14,1797.91,12.23,11.86,4.21,4.27,10.28,0,10.28,2071.5,"171",0.0665946550676555,2.46715521461213
"202","CA","Kings County",152.982,28.92,1.14,3.08,1251.44,1251.2,0.24,13.87,0,0,0.38,0,0.38,1298.83,"140",0.0417548326534024,8.49008380070858
"203","CA","Lake County",64.665,8.07,1.95,0.96,32.68,32.65,0.03,0.07,0,0.06,0,0,0,43.79,"165",0.00140776246459698,0.677182401608289
"204","CA","Lassen County",34.895,7.26,0.56,0,175.92,175.57,0.35,0.72,17.28,0.04,0.78,0,0.78,202.56,"211",0.00651190602486329,5.80484310073076
"205","CA","Los Angeles County",9818.605,1371.53,40.44,103.27,91.33,61.82,29.51,0.56,0.06,0.04,0.09,0,0.09,1607.32,"100",0.051672180054716,0.163701462682326
"206","CA","Madera County",150.865,22.03,3.12,4.57,711.98,709.94,2.04,7,0.01,0,0,0,0,748.71,"137",0.0240695554891163,4.96278129453485
"207","CA","Marin County",252.409,32.02,0.38,0.28,9.04,8.42,0.62,1.03,0,0.05,0,0,0,42.8,"88",0.00137593590967688,0.169566061432041
"208","CA","Mariposa County",18.251,1.56,1.01,0,2.43,2.35,0.08,0.32,0,0,0,0,0,5.32,"98",0.000171027547651425,0.291490877212208
"209","CA","Mendocino County",87.841,9.84,1.94,3.35,65.58,65.39,0.19,0.47,0.22,0.06,0,0,0,81.46,"90",0.00261877895332427,0.927357384364932
"210","CA","Merced County",255.793,50.43,3.78,5.63,1374.27,1373.85,0.42,24.19,35.66,0.32,0.03,0,0.03,1494.31,"180",0.0480391305885341,5.84187213879973
"211","CA","Modoc County",9.686,1.29,0.4,0,252.93,252.77,0.16,0.93,5.94,0.02,0,0,0,261.51,"164",0.00840703270419628,26.9987610984927
"212","CA","Mono County",14.202,2.98,0.12,0.03,214.45,214.17,0.28,0.11,11.94,0.04,0,0,0,229.67,"137",0.00738343926110956,16.1716659625405
"213","CA","Monterey County",415.057,48.37,2.02,2.16,479.45,476.69,2.76,1.03,0,0.1,0.64,0,0.64,533.77,"77",0.0171596567875754,1.28601613754255
"214","CA","Napa County",136.484,18.54,1.12,7.55,68.69,67.9,0.79,0.13,0.59,0.24,0,0,0,96.86,"93",0.00311385869652576,0.709680255561091
"215","CA","Nevada County",98.764,16.15,2.49,0.08,29.48,27.37,2.11,0.13,0,0.17,0,0,0,48.5,"170",0.00155917971073198,0.491069620509497
"216","CA","Orange County",3010.232,490.59,16.02,18.11,18.4,0,18.4,0.04,0,0,0.16,0,0.16,543.32,"112",0.0174666705244309,0.1804910717845
"217","CA","Placer County",348.432,66.02,3.21,2.01,119.46,115.78,3.68,0.41,0.03,0.04,0,0,0,191.18,"151",0.00614606138345855,0.54868668778987
"218","CA","Plumas County",20.007,3.79,0.21,1.35,111.43,109.58,1.85,0.21,1.61,0.06,0,0,0,118.66,"117",0.00381468586547333,5.93092417653821
"219","CA","Riverside County",2189.641,478.88,3.25,5.26,486.71,451.93,34.78,4.79,66.16,7.35,6.65,0,6.65,1059.05,"159",0.0340463767556846,0.483663760406386
"220","CA","Sacramento County",1418.788,311.64,0.69,16.91,306.57,302.76,3.81,2.32,38.7,2.3,1.93,0,1.93,681.06,"141",0.0218947409029097,0.48002943357288
"221","CA","San Benito County",55.269,6.91,0.57,4.02,72.69,72.2,0.49,0.66,0,0.5,0,0,0,85.35,"95",0.00274383481053555,1.54426532052326
"222","CA","San Bernardino County",2035.21,460.84,1.14,46.01,92.79,81.66,11.13,9.29,12.64,1.77,14.9,0,14.9,639.38,"130",0.0205548107927384,0.314159226811975
"223","CA","San Diego County",3095.313,474.68,18.66,1.82,170.91,140.78,30.13,1.09,0.15,0.82,0.01,0,0.01,668.14,"98",0.0214793882871848,0.215855391684137
"224","CA","San Francisco County",805.235,82.28,0,0,0.74,0,0.74,0,0,0.03,0,0,0,83.05,"52",0.00266989432940806,0.103137593373363
"225","CA","San Joaquin County",685.306,114.81,4.84,22.88,1584.82,1582.04,2.78,9.75,13.44,0,1.53,0,1.53,1752.07,"117",0.0563256081604573,2.55662434007582
"226","CA","San Luis Obispo County",269.637,34.59,1.57,3.96,166.52,161.76,4.76,1.04,3.46,0,0,0,0,211.14,"103",0.00678773616750412,0.783052770947607
"227","CA","San Mateo County",718.451,83.36,1.25,0.26,8.05,6.24,1.81,0.07,0,0,0,0,0,92.99,"81",0.00298944580001993,0.129431234697982
"228","CA","Santa Barbara County",423.895,71.44,2.98,6.36,176.86,170.96,5.9,0.84,0,0.13,0,0,0,258.61,"103",0.00831380340190509,0.610080326495948
"229","CA","Santa Clara County",1781.642,243.33,5.24,12.48,35.91,33.51,2.4,0.32,0.3,0.22,0.16,0,0.16,297.96,"83",0.00957882858989073,0.16723898516088
"230","CA","Santa Cruz County",262.382,24.57,1.46,6.96,33.21,32.32,0.89,0.04,0,0.07,0,0,0,66.31,"65",0.00213173621894098,0.25272312887317
"231","CA","Shasta County",177.223,48.87,1.07,15.16,143.48,142.56,0.92,0.66,27.03,0.32,2.06,0,2.06,238.65,"177",0.00767212861785952,1.34660851018209
"232","CA","Sierra County",3.24,0.71,0.03,0.45,37.79,37.79,0,0.05,0,0,0,0,0,39.03,"163",0.00125473781669833,12.0462962962963
"233","CA","Siskiyou County",44.9,6.84,1.22,2.29,388.26,387.62,0.64,0.95,11.45,0.03,0,0,0,411.04,"124",0.0132141284185417,9.15456570155902
"234","CA","Solano County",413.344,63.3,0.38,6.08,381.88,380.36,1.52,0.97,0,0,0,0,0,452.61,"96",0.014550522244833,1.09499593558876
"235","CA","Sonoma County",483.878,48.66,5.77,14.77,148.82,146.85,1.97,3.21,6.18,0.17,0,0,0,227.58,"77",0.00731624986738936,0.470325164607608
"236","CA","Stanislaus County",514.453,103.64,3.04,16.03,1499.94,1498.66,1.28,17.64,1.38,0.22,0.55,0,0.55,1642.44,"153",0.0528012190534976,3.19259485317415
"237","CA","Sutter County",94.737,18.09,0.51,8.58,694.19,693.85,0.34,0.17,0.05,0,0.02,0,0.02,721.61,"121",0.0231983437332227,7.61698174947486
"238","CA","Tehama County",63.463,9.71,2.11,1.79,219.6,219.4,0.2,1.14,590.83,0.19,0,0,0,825.37,"118",0.026534023873131,13.0055307817153
"239","CA","Trinity County",13.786,1.61,0.48,0.5,4.49,4.43,0.06,0.06,15.13,0.15,0,0,0,22.42,"110",0.000720758950816721,1.62628753808211
"240","CA","Tulare County",442.179,79.16,5.04,16.07,2458.93,2456.95,1.98,40.44,0,0.64,0,0,0,2600.28,"134",0.0835938931592196,5.8806049133948
"241","CA","Tuolumne County",55.365,16.69,0.19,1.53,5.37,4.45,0.92,0.34,11.41,0.16,0.06,0,0.06,35.75,"120",0.00114929226100347,0.645714801770071
"242","CA","Ventura County",823.318,156.66,3.63,10.21,226.09,216.89,9.2,0.18,14.11,0.05,0,0,0,410.93,"116",0.0132105921346617,0.49911455840878
"243","CA","Yolo County",200.849,39.56,1.08,0.79,737.46,736.72,0.74,0.54,0.01,0.79,0,0,0,780.23,"134",0.0250828615609157,3.88465961991347
"244","CA","Yuba County",72.155,10.53,0.86,1.22,240.59,240.07,0.52,0.41,0.01,3.83,0,0,0,257.45,"117",0.00827651168098862,3.56801330469129
